1,1,121.7,334.42,134.82999999999998,58.75999999999999,1,1,1.0
1,2,732.93,266.9,72.31000000000006,37.83000000000004,1,1,1.0
1,3,208.7,251.19,94.25,40.20999999999998,1,1,1.0
2,1,98.0,337.74,138.21,60.170000000000016,1,1,1.0
2,2,719.35,268.81,73.50999999999999,38.44,1,1,1.0
2,3,208.7,251.29,94.24000000000001,40.23999999999998,1,1,1.0
3,1,71.8,341.06,144.10000000000002,61.579999999999984,1,1,1.0
3,2,705.78,270.72,74.70000000000005,39.049999999999955,1,1,1.0
3,3,208.69,251.38,94.25,40.29000000000002,1,1,1.0
4,1,47.55,344.38,144.7,62.99000000000001,1,1,1.0
4,2,692.2,272.63,75.89999999999998,39.64999999999998,1,1,1.0
4,3,208.69,251.47,94.24000000000001,40.33000000000001,1,1,1.0
5,1,23.3,347.7,145.29999999999998,64.40000000000003,1,1,1.0
5,2,677.83,274.19,77.13999999999999,40.610000000000014,1,1,1.0
5,3,208.69,251.56,94.24000000000001,40.370000000000005,1,1,1.0
6,1,0.0,352.32,144.77,62.55000000000001,1,1,1.0
6,2,663.47,275.74,78.36000000000001,41.579999999999984,1,1,1.0
6,3,208.68,251.65,94.25,40.41999999999999,1,1,1.0
7,1,0.0,355.56,123.28,66.07,1,1,1.0
7,2,649.1,277.3,79.60000000000002,42.52999999999997,1,1,1.0
7,3,208.68,251.75,94.24000000000001,40.44999999999999,1,1,1.0
8,1,0.0,358.8,101.8,69.59999999999997,1,1,1.0
8,2,634.3,279.48,80.5200000000001,42.870000000000005,1,1,1.0
8,3,208.67,251.84,94.25000000000003,40.48999999999998,1,1,1.0
9,1,0.0,364.33,76.4,56.97000000000003,1,1,1.0
9,2,619.5,281.65,81.45000000000005,43.22000000000003,1,1,1.0
9,3,208.67,251.93,94.24000000000004,40.54000000000002,1,1,1.0
10,1,0.0,369.87,51.0,55.129999999999995,1,1,1.0
10,2,604.7,283.83,82.37,43.55000000000001,1,1,1.0
10,3,208.66,252.02,94.25000000000003,40.58000000000001,1,1,1.0
11,1,0.0,375.4,25.6,53.30000000000001,1,1,1.0
11,2,589.9,286.0,83.30000000000007,43.89999999999998,1,1,1.0
11,3,208.66,252.11,94.23999999999998,40.620000000000005,1,1,1.0
12,2,575.1,288.12,85.60000000000002,44.879999999999995,1,1,1.0
12,3,208.65,252.21,94.24999999999997,40.66,1,1,1.0
13,2,558.62,290.24,87.10000000000002,45.860000000000014,1,1,1.0
13,3,208.65,252.3,94.23999999999998,40.69999999999999,1,1,1.0
14,2,542.14,292.37,88.60000000000002,46.829999999999984,1,1,1.0
14,3,208.65,252.39,94.23999999999998,40.74000000000001,1,1,1.0
15,2,525.66,294.49,90.10000000000002,47.81,1,1,1.0
15,3,208.64,252.48,94.24000000000001,40.78999999999999,1,1,1.0
16,2,509.18,296.61,91.59999999999997,48.789999999999964,1,1,1.0
16,3,208.64,252.57,94.24000000000001,40.829999999999984,1,1,1.0
17,2,492.7,298.73,93.09999999999997,49.76999999999998,1,1,1.0
17,3,208.63,252.67,94.24000000000001,40.859999999999985,1,1,1.0
18,2,475.17,300.85,94.09999999999997,50.75,1,1,1.0
18,3,208.63,252.76,94.24000000000001,40.910000000000025,1,1,1.0
19,2,457.63,302.98,95.10000000000002,51.71999999999997,1,1,1.0
19,3,208.62,252.85,94.24000000000001,40.95000000000002,1,1,1.0
20,2,440.1,305.1,96.10000000000002,52.69999999999999,1,1,1.0
20,3,208.62,252.94,94.24000000000001,40.99000000000001,1,1,1.0
21,2,421.87,308.0,99.23000000000002,53.870000000000005,1,1,1.0
21,3,208.61,253.03,94.25,41.03999999999999,1,1,1.0
22,2,403.63,310.9,102.37,55.03000000000003,1,1,1.0
22,3,208.61,253.12,94.24000000000001,41.079999999999984,1,1,1.0
23,2,385.4,313.8,105.5,56.19999999999999,1,1,1.0
23,3,208.61,253.22,94.24000000000001,41.109999999999985,1,1,1.0
24,2,366.75,317.32,107.44999999999999,56.879999999999995,1,1,1.0
24,3,208.6,253.31,94.23999999999998,41.160000000000025,1,1,1.0
25,2,348.1,320.84,109.39999999999998,57.56,1,1,1.0
25,3,208.6,253.4,94.23999999999998,41.20000000000002,1,1,1.0
26,2,327.43,323.79,112.17000000000002,58.94,1,1,1.0
26,3,208.59,253.36,94.23999999999998,41.06999999999999,1,1,1.0
27,2,306.77,326.75,114.93,60.31999999999999,1,1,1.0
27,3,208.59,253.32,94.23999999999998,40.93000000000001,1,1,1.0
28,2,286.1,329.7,117.69999999999999,61.69999999999999,1,1,1.0
28,3,208.58,253.28,94.23999999999998,40.79999999999998,1,1,1.0
29,2,263.94,333.56,120.19999999999999,62.48000000000002,1,1,1.0
29,3,208.58,253.24,94.23999999999998,40.65999999999997,1,1,1.0
30,2,241.78,337.42,122.70000000000002,63.25999999999999,1,1,1.0
30,3,208.57,253.2,94.24000000000001,40.54000000000002,1,1,1.0
31,2,219.62,341.28,125.19999999999999,64.04000000000002,1,1,1.0
31,3,208.57,253.16,94.24000000000001,40.41999999999999,1,1,1.0
32,2,197.46,345.14,127.70000000000002,64.82,1,1,1.0
32,3,208.57,253.13,94.23000000000002,40.29000000000002,1,1,1.0
33,2,175.3,349.0,130.2,65.60000000000002,1,1,1.0
33,3,208.56,253.09,94.24000000000001,40.16999999999999,1,1,1.0
34,2,151.7,352.5,135.3,68.0,1,1,1.0
34,3,208.56,253.05,94.23000000000002,40.05000000000001,1,1,1.0
35,2,126.7,356.15,137.85000000000002,69.40000000000003,1,1,1.0
35,3,208.55,253.01,94.24000000000001,40.110000000000014,1,1,1.0
36,2,101.7,359.8,140.39999999999998,70.80000000000001,1,1,1.0
36,3,208.55,252.97,94.24000000000001,40.16,1,1,1.0
37,2,73.67,364.63,145.93,72.20999999999998,1,1,1.0
37,3,208.54,252.93,94.23999999999998,40.21999999999997,1,1,1.0
38,2,45.63,369.47,151.47,73.60999999999996,1,1,1.0
38,3,208.54,252.89,94.23999999999998,40.27000000000004,1,1,1.0
39,2,17.6,374.3,157.0,75.01999999999998,1,1,1.0
39,3,208.53,252.85,94.23999999999998,40.33000000000001,1,1,1.0
40,2,0.0,379.15,151.0,76.41000000000003,1,1,1.0
40,3,208.53,252.81,94.23999999999998,40.379999999999995,1,1,1.0
41,2,0.0,384.0,125.5,77.80000000000001,1,1,1.0
41,3,208.53,252.77,94.22999999999999,40.43999999999997,1,1,1.0
42,2,0.0,389.0,100.25,79.10000000000002,1,1,1.0
42,3,208.52,252.73,94.23999999999998,40.50000000000003,1,1,1.0
43,2,0.0,394.0,75.0,68.39999999999998,1,1,1.0
43,3,208.52,252.69,94.22999999999999,40.55000000000001,1,1,1.0
44,2,0.0,402.7,48.95,62.650000000000034,1,1,1.0
44,3,208.51,252.65,94.24000000000001,40.609999999999985,1,1,1.0
45,2,0.0,411.4,22.9,56.900000000000034,1,1,1.0
45,3,208.51,252.61,94.23000000000002,40.65999999999997,1,1,1.0
46,3,208.5,252.58,94.24000000000001,40.71000000000001,1,1,1.0
47,3,208.5,252.54,94.23000000000002,40.77000000000001,1,1,1.0
48,3,208.5,252.5,94.23000000000002,40.81999999999999,1,1,1.0
49,3,208.49,252.46,94.23000000000002,40.87999999999997,1,1,1.0
50,3,208.49,252.42,94.23000000000002,40.930000000000035,1,1,1.0
51,3,208.48,252.38,94.24000000000004,40.99000000000001,1,1,1.0
52,3,208.48,252.34,94.22999999999999,41.03999999999999,1,1,1.0
52,4,950.77,225.88,9.230000000000018,55.74000000000001,1,1,1.0
53,3,208.47,252.3,94.23999999999998,41.099999999999966,1,1,1.0
53,4,946.48,225.83,13.519999999999982,57.43999999999997,1,1,1.0
54,3,208.49,252.54,94.20999999999998,41.03999999999999,1,1,1.0
54,4,942.18,225.78,17.82000000000005,59.140000000000015,1,1,1.0
55,3,208.5,252.78,94.19999999999999,40.97999999999999,1,1,1.0
55,4,937.89,225.74,22.110000000000014,60.829999999999984,1,1,1.0
56,3,208.51,253.02,94.18,40.91,1,1,1.0
56,4,933.59,225.69,26.409999999999968,62.53000000000003,1,1,1.0
57,3,208.52,253.26,94.16999999999999,40.85000000000002,1,1,1.0
57,4,929.3,225.64,30.700000000000045,64.22000000000003,1,1,1.0
58,3,208.54,253.49,94.14000000000001,40.80000000000001,1,1,1.0
58,4,923.81,225.59,36.190000000000055,65.91999999999999,1,1,1.0
59,3,208.55,253.73,94.13,40.74000000000004,1,1,1.0
59,4,918.33,225.54,41.66999999999996,67.62000000000003,1,1,1.0
60,3,208.56,253.97,94.11000000000001,40.66999999999999,1,1,1.0
60,4,912.84,225.49,47.15999999999997,69.32,1,1,1.0
61,3,208.57,254.21,94.10000000000002,40.609999999999985,1,1,1.0
61,4,907.36,225.45,52.639999999999986,71.00999999999999,1,1,1.0
62,3,208.59,254.45,94.07000000000002,40.55000000000001,1,1,1.0
62,4,901.87,225.4,58.129999999999995,72.70000000000002,1,1,1.0
63,3,208.6,254.69,94.06000000000003,40.49000000000001,1,1,1.0
63,4,896.39,225.35,63.610000000000014,74.4,1,1,1.0
64,3,208.61,254.93,94.03999999999996,40.43000000000001,1,1,1.0
64,4,890.9,225.3,69.10000000000002,76.09999999999997,1,1,1.0
65,3,208.62,255.17,94.02999999999997,40.359999999999985,1,1,1.0
65,4,884.9,225.52,75.10000000000002,77.46000000000001,1,1,1.0
66,3,208.64,255.41,94.00999999999999,40.29999999999998,1,1,1.0
66,4,878.9,225.73,81.10000000000002,78.84,1,1,1.0
67,3,208.65,255.64,93.98999999999998,40.25,1,1,1.0
67,4,872.9,225.95,87.10000000000002,80.19999999999999,1,1,1.0
68,3,208.66,255.88,93.97999999999999,40.19,1,1,1.0
68,4,866.9,226.17,93.10000000000002,81.56000000000003,1,1,1.0
69,3,208.67,256.12,93.96000000000001,40.120000000000005,1,1,1.0
69,4,860.9,226.38,99.10000000000002,82.94,1,1,1.0
70,3,208.69,256.36,93.94,40.06,1,1,1.0
70,4,854.9,226.6,105.10000000000002,84.29999999999998,1,1,1.0
71,3,208.7,256.6,93.92000000000002,40.0,1,1,1.0
71,4,847.66,227.51,112.34000000000003,85.03000000000003,1,1,1.0
72,3,208.68,256.58,93.94,40.03000000000003,1,1,1.0
72,4,840.41,228.42,119.59000000000003,85.77000000000001,1,1,1.0
73,3,208.65,256.56,93.96000000000001,40.06999999999999,1,1,1.0
73,4,833.17,229.33,126.83000000000004,86.49999999999997,1,1,1.0
74,3,208.63,256.54,93.98000000000002,40.099999999999966,1,1,1.0
74,4,825.93,230.25,134.07000000000005,87.22000000000003,1,1,1.0
75,3,208.61,256.52,93.99000000000001,40.129999999999995,1,1,1.0
75,4,818.69,231.16,141.30999999999995,87.95000000000002,1,1,1.0
76,3,208.58,256.5,94.02000000000001,40.170000000000016,1,1,1.0
76,4,811.44,232.07,148.55999999999995,88.69,1,1,1.0
77,3,208.56,256.48,94.02999999999997,40.19999999999999,1,1,1.0
77,4,804.2,232.98,155.79999999999995,89.41999999999999,1,1,1.0
77,5,793.76,257.38,22.799999999999955,30.50999999999999,1,1,1.0
78,3,208.54,256.46,94.04999999999998,40.23000000000002,1,1,1.0
78,4,795.35,233.89,160.41999999999996,90.69999999999999,1,1,1.0
78,5,782.9,257.95,25.850000000000023,30.660000000000025,1,1,1.0
79,3,208.51,256.44,94.07,40.26999999999998,1,1,1.0
79,4,786.5,234.81,165.02999999999997,91.96999999999997,1,1,1.0
79,5,772.04,258.52,28.90000000000009,30.819999999999993,1,1,1.0
80,3,208.49,256.42,94.08999999999997,40.30000000000001,1,1,1.0
80,4,777.65,235.72,169.64999999999998,93.23999999999998,1,1,1.0
80,5,761.18,259.1,31.950000000000045,30.95999999999998,1,1,1.0
80,6,945.7,237.47,10.289999999999964,31.97999999999999,1,1,1.0
81,3,208.46,256.4,94.11999999999998,40.33000000000004,1,1,1.0
81,4,768.8,236.63,172.66000000000008,94.51999999999998,1,1,1.0
81,5,750.33,259.67,34.979999999999905,31.109999999999957,1,1,1.0
81,6,941.2,238.09,8.879999999999995,32.21000000000001,1,1,1.0
82,3,208.44,256.38,94.13,40.370000000000005,1,1,1.0
82,4,759.95,237.54,175.66999999999996,95.79999999999998,1,1,1.0
82,5,739.47,260.25,38.02999999999997,31.25999999999999,1,1,1.0
82,6,934.7,238.71,9.459999999999923,32.43999999999997,1,1,1.0
83,3,208.42,256.36,94.15,40.39999999999998,1,1,1.0
83,4,751.1,238.45,178.67999999999995,97.07999999999998,1,1,1.0
83,5,728.61,260.82,41.08000000000004,31.410000000000025,1,1,1.0
83,6,929.5,239.33,8.75,32.66,1,1,1.0
84,3,208.39,256.34,94.17000000000002,40.43000000000001,1,1,1.0
84,4,742.25,239.36,181.69000000000005,98.34999999999997,1,1,1.0
84,5,717.75,261.39,44.129999999999995,31.569999999999993,1,1,1.0
84,6,923.6,239.95,8.730000000000018,32.889999999999986,1,1,1.0
85,3,208.37,256.32,94.19,40.47000000000003,1,1,1.0
85,4,733.4,240.27,184.70000000000005,99.62999999999997,1,1,1.0
85,5,706.89,261.97,47.16999999999996,31.70999999999998,1,1,1.0
85,6,918.4,240.57,8.019999999999982,33.110000000000014,1,1,1.0
86,3,208.35,256.3,94.20000000000002,40.5,1,1,1.0
86,4,724.4,240.99,187.75,101.40999999999997,1,1,1.0
86,5,696.03,262.54,50.22000000000003,31.859999999999957,1,1,1.0
86,6,911.7,241.19,8.799999999999955,33.339999999999975,1,1,1.0
87,3,208.32,255.4,94.23000000000002,40.70000000000002,1,1,1.0
87,4,715.4,241.7,190.80000000000007,103.19999999999999,1,1,1.0
87,5,685.18,263.11,53.260000000000105,32.01999999999998,1,1,1.0
87,6,906.2,241.81,7.599999999999909,33.56999999999999,1,1,1.0
88,3,208.33,255.38,94.21000000000001,40.69999999999999,1,1,1.0
88,4,705.2,242.65,194.3499999999999,104.72,1,1,1.0
88,5,674.32,263.69,56.309999999999945,32.160000000000025,1,1,1.0
88,6,899.4,242.43,7.7000000000000455,33.79000000000002,1,1,1.0
89,3,208.33,255.37,94.21000000000001,40.69999999999999,1,1,1.0
89,4,695.0,243.6,197.89999999999998,106.22999999999999,1,1,1.0
89,5,663.46,264.26,59.34999999999991,32.31999999999999,1,1,1.0
89,6,864.8,243.05,35.60000000000002,34.01999999999998,1,1,1.0
90,3,208.33,255.35,94.19999999999996,40.70000000000002,1,1,1.0
90,4,684.8,244.55,201.45000000000005,107.75,1,1,1.0
90,5,652.6,264.84,62.39999999999998,32.460000000000036,1,1,1.0
90,6,855.26,243.67,38.440000000000055,34.25000000000003,1,1,1.0
91,3,208.33,255.34,94.19999999999996,40.70000000000002,1,1,1.0
91,4,674.6,245.5,205.0,109.26999999999998,1,1,1.0
91,5,639.71,265.28,65.11000000000001,32.77000000000004,1,1,1.0
91,6,845.72,244.29,41.27999999999997,34.47,1,1,1.0
92,3,208.33,255.32,94.18999999999997,40.69999999999999,1,1,1.0
92,4,664.4,246.45,208.55000000000007,110.78000000000003,1,1,1.0
92,5,626.81,265.72,67.82000000000005,33.06999999999999,1,1,1.0
92,6,836.18,244.91,44.120000000000005,34.70000000000002,1,1,1.0
93,3,208.34,255.3,94.17999999999998,40.69999999999999,1,1,1.0
93,4,654.2,247.4,212.0999999999999,112.29999999999998,1,1,1.0
93,5,613.92,266.17,70.53000000000009,33.370000000000005,1,1,1.0
93,6,826.64,245.53,46.960000000000036,34.91999999999999,1,1,1.0
94,3,208.34,255.29,94.16999999999999,40.70000000000002,1,1,1.0
94,4,643.13,248.53,215.27999999999997,114.13000000000002,1,1,1.0
94,5,601.03,266.61,73.23000000000002,33.66999999999996,1,1,1.0
94,6,817.1,246.15,49.799999999999955,35.150000000000006,1,1,1.0
95,3,208.34,255.27,94.16999999999999,40.70000000000002,1,1,1.0
95,4,632.07,249.67,218.44999999999993,115.96000000000001,1,1,1.0
95,5,588.14,267.05,75.94000000000005,33.97999999999996,1,1,1.0
95,6,803.69,246.82,54.20999999999992,31.930000000000007,1,1,1.0
96,3,208.34,255.26,94.16999999999999,40.69,1,1,1.0
96,4,621.0,250.8,221.64,117.78999999999996,1,1,1.0
96,5,575.24,267.5,78.64999999999998,34.27999999999997,1,1,1.0
96,6,790.29,247.49,58.610000000000014,28.70999999999998,1,1,1.0
97,3,208.34,255.24,94.16,40.69999999999999,1,1,1.0
97,4,608.02,252.37,226.73000000000002,119.18,1,1,1.0
97,5,562.35,267.94,81.36000000000001,34.579999999999984,1,1,1.0
97,6,776.88,248.16,63.01999999999998,30.22,1,1,1.0
98,3,208.35,255.22,94.15,40.70000000000002,1,1,1.0
98,4,595.04,253.94,231.82000000000005,120.57,1,1,1.0
98,5,549.46,268.38,84.05999999999995,34.889999999999986,1,1,1.0
98,6,763.48,248.83,67.41999999999996,31.72999999999999,1,1,1.0
99,3,208.35,255.21,94.14000000000001,40.70000000000002,1,1,1.0
99,4,582.06,255.51,236.91000000000008,121.97000000000003,1,1,1.0
99,5,536.57,268.83,86.76999999999998,35.19,1,1,1.0
99,6,750.07,249.5,71.82999999999993,33.24000000000001,1,1,1.0
100,3,208.35,255.19,94.14000000000001,40.69999999999999,1,1,1.0
100,4,569.08,257.08,242.01,123.36000000000001,1,1,1.0
100,5,523.67,269.27,89.48000000000002,35.49000000000001,1,1,1.0
100,6,736.67,250.17,76.23000000000002,34.75000000000003,1,1,1.0
101,3,208.35,255.17,94.13000000000002,40.70000000000002,1,1,1.0
101,4,556.1,258.65,247.10000000000002,124.75,1,1,1.0
101,5,510.78,269.71,92.19000000000005,35.80000000000001,1,1,1.0
101,6,723.26,250.84,80.63999999999999,36.26000000000002,1,1,1.0
102,3,208.35,255.16,94.13000000000002,40.70000000000002,1,1,1.0
102,4,546.3,260.05,247.61,127.26999999999998,1,1,1.0
102,5,497.89,270.16,94.88999999999999,36.089999999999975,1,1,1.0
102,6,709.85,251.51,85.04999999999995,37.76999999999998,1,1,1.0
103,3,208.36,255.14,94.11000000000001,40.69999999999999,1,1,1.0
103,4,531.45,261.46,253.16999999999996,129.78000000000003,1,1,1.0
103,5,485.0,270.6,97.60000000000002,36.39999999999998,1,1,1.0
103,6,697.31,252.18,87.45000000000005,37.64999999999998,1,1,1.0
104,3,208.36,255.13,94.11000000000001,40.69999999999999,1,1,1.0
104,4,516.6,262.86,258.73,132.31,1,1,1.0
104,5,470.88,271.25,99.06000000000006,36.76999999999998,1,1,1.0
104,6,684.77,252.85,89.86000000000001,37.53,1,1,1.0
105,3,208.36,255.11,94.09999999999997,40.69999999999999,1,1,1.0
105,4,501.75,264.27,264.28999999999996,134.82,1,1,1.0
105,5,456.77,271.9,100.50999999999999,37.129999999999995,1,1,1.0
105,6,672.22,253.52,92.26999999999998,37.41,1,1,1.0
105,7,947.69,227.46,12.309999999999945,39.24999999999997,1,1,1.0
106,3,208.36,255.09,94.09999999999997,40.70000000000002,1,1,1.0
106,4,486.9,265.68,269.86,137.32999999999998,1,1,1.0
106,5,442.66,272.55,101.94999999999999,37.5,1,1,1.0
106,6,659.68,254.19,94.67000000000007,37.29000000000002,1,1,1.0
106,7,943.86,214.6,16.139999999999986,52.66999999999999,1,1,1.0
107,3,208.37,255.08,94.07999999999998,40.69999999999996,1,1,1.0
107,4,472.05,267.08,275.42,139.85000000000002,1,1,1.0
107,5,428.55,273.2,103.40000000000003,37.860000000000014,1,1,1.0
107,6,647.13,254.86,97.08000000000004,37.16999999999996,1,1,1.0
107,7,940.03,214.3,19.970000000000027,53.539999999999964,1,1,1.0
108,3,208.37,255.06,94.07999999999998,40.69999999999999,1,1,1.0
108,4,457.2,268.49,280.97999999999996,142.37,1,1,1.0
108,5,414.44,273.85,104.84999999999997,38.22999999999996,1,1,1.0
108,6,634.59,255.53,99.49000000000001,37.059999999999974,1,1,1.0
108,7,936.2,214.0,23.799999999999955,54.39999999999998,1,1,1.0
109,3,208.37,255.05,94.07,40.69999999999999,1,1,1.0
109,4,442.35,269.89,286.53999999999996,144.89,1,1,1.0
109,5,400.32,274.5,106.31,38.589999999999975,1,1,1.0
109,6,622.04,256.2,101.90000000000009,36.94,1,1,1.0
109,7,933.2,214.36,26.799999999999955,54.75,1,1,1.0
110,3,208.37,255.03,94.07,40.70000000000002,1,1,1.0
110,4,427.5,271.3,292.1,147.39999999999998,1,1,1.0
110,5,386.21,275.15,107.75,38.960000000000036,1,1,1.0
110,6,609.5,256.87,104.29999999999995,36.81999999999999,1,1,1.0
110,7,928.26,214.62,31.74000000000001,55.120000000000005,1,1,1.0
111,3,208.37,255.01,94.07,40.69999999999999,1,1,1.0
111,4,409.01,273.01,299.87,150.67000000000002,1,1,1.0
111,5,372.1,275.8,109.19999999999999,39.31999999999999,1,1,1.0
111,6,596.7,257.54,104.74000000000001,36.69999999999999,1,1,1.0
111,7,923.33,214.88,36.66999999999996,55.5,1,1,1.0
112,3,208.38,255.0,94.05000000000001,40.69999999999999,1,1,1.0
112,4,390.52,274.72,307.64,153.94,1,1,1.0
112,5,357.42,276.84,109.38,39.30000000000001,1,1,1.0
112,6,583.9,258.21,105.17000000000007,36.58000000000004,1,1,1.0
112,7,918.39,215.14,41.610000000000014,55.879999999999995,1,1,1.0
113,3,208.38,254.98,94.05000000000001,40.70000000000002,1,1,1.0
113,4,372.03,276.43,315.4,157.2,1,1,1.0
113,5,342.74,277.88,109.56,39.26999999999998,1,1,1.0
113,6,571.1,258.88,105.61000000000001,36.45999999999998,1,1,1.0
113,7,913.45,215.39,46.549999999999955,56.25999999999999,1,1,1.0
114,3,208.38,254.96,94.04000000000002,40.70000000000002,1,1,1.0
114,4,353.54,278.14,323.17,160.47000000000003,1,1,1.0
114,5,328.06,278.92,109.74000000000001,39.25,1,1,1.0
114,6,558.3,259.55,106.05000000000007,36.339999999999975,1,1,1.0
114,7,908.52,215.65,51.48000000000002,56.640000000000015,1,1,1.0
115,3,208.38,254.95,94.04000000000002,40.69999999999999,1,1,1.0
115,4,335.06,279.86,330.93,163.72999999999996,1,1,1.0
115,5,313.38,279.96,109.92000000000002,39.22000000000003,1,1,1.0
115,6,545.5,260.22,106.49000000000001,36.22999999999996,1,1,1.0
115,7,903.58,215.91,56.41999999999996,57.01000000000002,1,1,1.0
116,3,208.38,254.93,94.03000000000003,40.69999999999999,1,1,1.0
116,4,316.57,281.57,338.7,167.0,1,1,1.0
116,5,298.7,281.0,110.10000000000002,39.19999999999999,1,1,1.0
116,6,532.7,260.89,106.91999999999996,36.110000000000014,1,1,1.0
116,7,898.65,216.17,61.35000000000002,57.390000000000015,1,1,1.0
117,3,208.39,254.92,94.02000000000004,40.70000000000002,1,1,1.0
117,4,298.08,283.28,346.46,170.26000000000005,1,1,1.0
117,5,283.1,282.19,111.5,39.75,1,1,1.0
117,6,519.9,261.56,107.36000000000001,35.99000000000001,1,1,1.0
117,7,893.71,216.43,66.28999999999996,57.75999999999999,1,1,1.0
118,3,208.39,254.9,94.00999999999999,40.70000000000002,1,1,1.0
118,4,279.59,284.99,354.2300000000001,173.52999999999997,1,1,1.0
118,5,267.5,283.37,112.89999999999998,40.31,1,1,1.0
118,6,507.1,262.23,107.79999999999995,35.870000000000005,1,1,1.0
118,7,888.77,216.68,71.23000000000002,58.14999999999998,1,1,1.0
119,3,208.39,254.97,94.00999999999999,40.53,1,1,1.0
119,4,261.1,286.7,362.0,176.8,1,1,1.0
119,5,251.9,284.56,114.29999999999998,40.860000000000014,1,1,1.0
119,6,492.63,262.9,108.54999999999995,36.85000000000002,1,1,1.0
119,7,883.84,216.94,76.15999999999997,58.51999999999998,1,1,1.0
120,3,208.39,255.03,94.0,40.53,1,1,1.0
120,4,237.2,289.34,372.40000000000003,181.3,1,1,1.0
120,5,234.93,285.74,115.69999999999999,41.420000000000016,1,1,1.0
120,6,478.15,263.57,109.31000000000006,37.81999999999999,1,1,1.0
120,7,878.9,217.2,75.10000000000002,58.900000000000034,1,1,1.0
121,3,208.39,255.1,94.0,40.51000000000002,1,1,1.0
121,4,213.3,291.97,382.8,185.80999999999995,1,1,1.0
121,5,217.95,286.93,117.10000000000002,41.96999999999997,1,1,1.0
121,6,463.68,264.24,110.07,38.80000000000001,1,1,1.0
121,7,873.06,217.59,76.56000000000006,59.21000000000001,1,1,1.0
122,3,208.4,255.17,93.97999999999999,40.50000000000003,1,1,1.0
122,4,189.4,294.61,393.20000000000005,190.31,1,1,1.0
122,5,200.98,288.11,118.50000000000003,42.52999999999997,1,1,1.0
122,6,449.21,264.91,110.82,39.76999999999998,1,1,1.0
122,7,867.21,217.99,78.02999999999997,59.50999999999999,1,1,1.0
123,3,208.4,255.24,93.97999999999999,40.49000000000001,1,1,1.0
123,4,165.5,297.24,403.6,194.82,1,1,1.0
123,5,184.0,289.3,119.89999999999998,43.079999999999984,1,1,1.0
123,6,434.74,265.58,111.56999999999994,40.75,1,1,1.0
123,7,861.37,218.38,79.49000000000001,59.81999999999999,1,1,1.0
124,3,208.4,255.3,93.97,40.47999999999996,1,1,1.0
124,4,141.6,299.88,414.0,199.32,1,1,1.0
124,5,166.78,290.36,121.26000000000002,43.75999999999999,1,1,1.0
124,6,420.26,266.25,112.33000000000004,41.72000000000003,1,1,1.0
124,7,855.53,218.77,80.95000000000005,60.12999999999997,1,1,1.0
125,3,208.4,255.37,93.97,40.46999999999997,1,1,1.0
125,4,115.83,301.92,426.64000000000004,203.97999999999996,1,1,1.0
125,5,149.56,291.42,122.62,44.44,1,1,1.0
125,6,405.79,266.92,113.07999999999998,42.69999999999999,1,1,1.0
125,7,849.69,219.17,82.40999999999997,60.430000000000035,1,1,1.0
126,3,208.41,255.44,93.95000000000002,40.45999999999998,1,1,1.0
126,4,90.07,303.96,439.26000000000005,208.64000000000004,1,1,1.0
126,5,132.34,292.48,123.97999999999999,45.120000000000005,1,1,1.0
126,6,391.32,267.59,113.82999999999998,43.670000000000016,1,1,1.0
126,7,843.84,219.56,81.42999999999995,60.74000000000001,1,1,1.0
127,3,208.41,255.51,93.95000000000002,40.44,1,1,1.0
127,4,64.3,306.0,451.90000000000003,213.29999999999995,1,1,1.0
127,5,115.12,293.54,125.34,45.799999999999955,1,1,1.0
127,6,376.85,268.26,114.58999999999997,44.650000000000034,1,1,1.0
127,7,838.0,219.95,80.44000000000005,61.05000000000001,1,1,1.0
128,3,208.41,255.57,93.95000000000002,40.44,1,1,1.0
128,4,35.6,309.18,464.04999999999995,221.11999999999995,1,1,1.0
128,5,97.9,294.6,126.69999999999999,46.47999999999996,1,1,1.0
128,6,362.37,268.93,115.35000000000002,45.620000000000005,1,1,1.0
128,7,831.32,220.34,82.03999999999996,61.359999999999985,1,1,1.0
129,3,208.41,255.64,93.94000000000003,40.43000000000001,1,1,1.0
129,4,0.0,312.35,483.1,226.14999999999998,1,1,1.0
129,5,80.2,296.04,127.10000000000001,46.77999999999997,1,1,1.0
129,6,347.9,269.6,116.10000000000002,46.599999999999966,1,1,1.0
129,7,824.65,220.74,83.63,61.65999999999997,1,1,1.0
130,3,208.41,255.71,93.94000000000003,40.41999999999999,1,1,1.0
130,4,0.0,315.53,467.48,223.16000000000008,1,1,1.0
130,5,61.13,297.49,128.87,47.06999999999999,1,1,1.0
130,6,332.23,270.67,117.13999999999999,47.31999999999999,1,1,1.0
130,7,817.98,221.13,85.22000000000003,61.97000000000003,1,1,1.0
131,3,208.42,255.77,93.91999999999999,40.41,1,1,1.0
131,4,0.0,318.71,451.86,220.17000000000002,1,1,1.0
131,5,42.05,298.93,130.64999999999998,47.370000000000005,1,1,1.0
131,6,316.56,271.73,118.18,48.039999999999964,1,1,1.0
131,7,811.3,221.52,86.82000000000005,62.28,1,1,1.0
132,3,208.42,255.84,93.91999999999999,40.400000000000006,1,1,1.0
132,4,0.0,321.88,436.24,217.17999999999995,1,1,1.0
132,5,22.98,300.37,132.42000000000002,47.670000000000016,1,1,1.0
132,6,300.89,272.8,119.22000000000003,48.75999999999999,1,1,1.0
132,7,804.63,221.91,88.40999999999997,62.59,1,1,1.0
133,3,208.42,255.91,93.91,40.390000000000015,1,1,1.0
133,4,0.0,325.06,420.62,214.19,1,1,1.0
133,5,3.9,301.81,134.2,47.96999999999997,1,1,1.0
133,6,285.21,273.86,120.28000000000003,49.49000000000001,1,1,1.0
133,7,797.95,222.31,90.00999999999999,62.889999999999986,1,1,1.0
134,3,208.42,255.98,93.91,40.37000000000003,1,1,1.0
134,4,0.0,328.24,405.0,211.20000000000005,1,1,1.0
134,5,0.0,303.26,119.4,48.25999999999999,1,1,1.0
134,6,269.54,274.93,121.32,50.19999999999999,1,1,1.0
134,7,791.28,222.7,91.60000000000002,63.19999999999999,1,1,1.0
135,3,208.42,256.04,93.9,40.370000000000005,1,1,1.0
135,4,0.0,331.42,386.9,208.20999999999998,1,1,1.0
135,5,0.0,304.7,101.5,48.56,1,1,1.0
135,6,253.87,275.99,122.36000000000001,50.93000000000001,1,1,1.0
135,7,784.6,223.09,93.19999999999993,63.51000000000002,1,1,1.0
135,8,683.59,522.1,116.29999999999995,17.899999999999977,1,1,1.0
136,3,208.43,256.11,93.88999999999999,40.360000000000014,1,1,1.0
136,4,0.0,334.59,368.8,205.21999999999997,1,1,1.0
136,5,0.0,307.6,81.3,47.39999999999998,1,1,1.0
136,6,238.2,277.06,123.40000000000003,51.64999999999998,1,1,1.0
136,7,776.92,223.49,94.29000000000008,63.81,1,1,1.0
136,8,688.4,516.3,122.60000000000002,23.700000000000045,1,1,1.0
137,3,208.43,256.18,93.88,40.339999999999975,1,1,1.0
137,4,0.0,337.77,350.7,202.23000000000002,1,1,1.0
137,5,0.0,309.8,63.46,44.5,1,1,1.0
137,6,221.05,278.12,125.34999999999997,52.089999999999975,1,1,1.0
137,7,769.23,223.88,95.38999999999999,64.12,1,1,1.0
137,8,706.4,510.0,123.60000000000002,30.0,1,1,1.0
138,3,208.43,256.25,93.88,40.329999999999984,1,1,1.0
138,4,0.0,340.95,329.5,199.05,1,1,1.0
138,5,0.0,312.0,45.63,41.60000000000002,1,1,1.0
138,6,203.9,279.19,127.29999999999998,52.51999999999998,1,1,1.0
138,7,761.55,224.27,96.48000000000002,64.42999999999998,1,1,1.0
138,8,706.4,504.2,138.39999999999998,35.80000000000001,1,1,1.0
139,3,208.43,256.31,93.87,40.329999999999984,1,1,1.0
139,4,0.0,344.12,308.3,195.88,1,1,1.0
139,5,0.0,314.2,27.8,42.10000000000002,1,1,1.0
139,6,186.75,280.25,129.25,52.94999999999999,1,1,1.0
139,7,753.86,224.66,97.56999999999994,64.73999999999998,1,1,1.0
139,8,719.1,497.9,133.60000000000002,42.10000000000002,1,1,1.0
140,3,208.44,256.38,93.86000000000001,40.31,1,1,1.0
140,4,0.0,347.3,287.1,192.7,1,1,1.0
140,5,0.0,319.3,7.4,30.30000000000001,1,1,1.0
140,6,169.6,281.32,131.20000000000002,53.379999999999995,1,1,1.0
140,7,746.18,225.06,98.66000000000008,65.04000000000002,1,1,1.0
140,8,722.8,492.1,140.5,47.89999999999998,1,1,1.0
141,3,208.44,256.45,93.86000000000001,40.30000000000001,1,1,1.0
141,4,0.0,351.1,265.8,188.89999999999998,1,1,1.0
141,6,152.45,282.38,133.15000000000003,53.81999999999999,1,1,1.0
141,7,738.49,225.45,99.75999999999999,65.35000000000002,1,1,1.0
141,8,734.4,487.3,135.80000000000007,52.69999999999999,1,1,1.0
142,3,208.44,256.52,93.85000000000002,40.29000000000002,1,1,1.0
142,4,0.0,354.9,244.5,185.10000000000002,1,1,1.0
142,6,135.3,283.45,135.09999999999997,54.25,1,1,1.0
142,7,730.81,225.84,100.85000000000002,65.66,1,1,1.0
142,8,746.0,481.5,132.70000000000005,58.5,1,1,1.0
143,3,208.44,256.58,93.85000000000002,40.28000000000003,1,1,1.0
143,4,0.0,358.7,223.2,181.3,1,1,1.0
143,6,117.29,284.51,136.5,55.150000000000034,1,1,1.0
143,7,723.12,226.24,101.95000000000005,65.95999999999998,1,1,1.0
143,8,753.9,476.2,132.70000000000005,63.80000000000001,1,1,1.0
144,3,208.44,256.65,93.83999999999997,40.27000000000004,1,1,1.0
144,4,0.0,362.6,199.35,177.39999999999998,1,1,1.0
144,6,99.27,285.58,137.89999999999998,56.03000000000003,1,1,1.0
144,7,715.44,226.63,103.03999999999996,66.26999999999998,1,1,1.0
144,8,766.6,472.0,127.89999999999998,68.0,1,1,1.0
145,3,208.45,256.72,93.82999999999998,40.25999999999999,1,1,1.0
145,4,0.0,366.5,175.5,173.5,1,1,1.0
145,6,81.26,286.64,139.3,56.93000000000001,1,1,1.0
145,7,707.75,227.02,104.13,66.58000000000001,1,1,1.0
145,8,776.6,466.2,125.29999999999995,73.80000000000001,1,1,1.0
146,3,208.45,256.78,93.82,40.26000000000005,1,1,1.0
146,4,0.0,370.4,151.65,169.60000000000002,1,1,1.0
146,6,63.24,287.71,140.7,57.81999999999999,1,1,1.0
146,7,700.07,227.41,105.21999999999991,66.89000000000001,1,1,1.0
146,8,785.6,461.4,124.19999999999993,78.60000000000002,1,1,1.0
147,3,208.45,256.85,93.82,40.23999999999995,1,1,1.0
147,4,0.0,374.3,127.8,165.7,1,1,1.0
147,6,45.23,288.77,142.10000000000002,58.72000000000003,1,1,1.0
147,7,692.38,227.81,106.32000000000005,67.19,1,1,1.0
147,8,795.6,457.2,120.5,82.80000000000001,1,1,1.0
148,3,208.45,256.92,93.81,40.22999999999996,1,1,1.0
148,4,0.0,381.23,102.3,158.76999999999998,1,1,1.0
148,6,27.21,289.84,143.5,59.60000000000002,1,1,1.0
148,7,684.7,228.2,104.89999999999998,67.5,1,1,1.0
148,8,805.6,450.9,118.39999999999998,88.5,1,1,1.0
149,3,208.45,256.99,93.81,40.21999999999997,1,1,1.0
149,4,0.0,388.17,76.8,151.82999999999998,1,1,1.0
149,6,9.2,290.9,144.9,60.5,1,1,1.0
149,7,675.34,228.59,106.49000000000001,67.92999999999998,1,1,1.0
149,8,814.6,447.7,115.69999999999993,85.90000000000003,1,1,1.0
150,3,208.46,257.05,93.78999999999999,40.20999999999998,1,1,1.0
150,4,0.0,395.1,43.6,144.89999999999998,1,1,1.0
150,6,6.13,291.97,130.70000000000002,61.39999999999998,1,1,1.0
150,7,665.99,228.98,108.08000000000004,68.35999999999999,1,1,1.0
150,8,822.55,443.58,113.59000000000003,84.40000000000003,1,1,1.0
151,3,208.46,257.12,93.78999999999999,40.19999999999999,1,1,1.0
151,4,0.0,408.0,16.73,132.0,1,1,1.0
151,6,3.07,293.03,116.5,62.30000000000001,1,1,1.0
151,7,656.63,229.37,109.66999999999996,68.80000000000001,1,1,1.0
151,8,830.5,439.47,111.48000000000002,82.89999999999998,1,1,1.0
152,3,208.46,257.19,93.78,40.19,1,1,1.0
152,6,0.0,294.1,102.3,63.19999999999999,1,1,1.0
152,7,647.28,229.76,111.25,69.23000000000002,1,1,1.0
152,8,838.45,435.35,109.37,81.39999999999998,1,1,1.0
153,3,208.46,257.26,93.78,40.170000000000016,1,1,1.0
153,6,0.0,296.1,84.1,55.69999999999999,1,1,1.0
153,7,637.92,230.14,112.85000000000002,69.67000000000002,1,1,1.0
153,8,846.4,431.23,107.25999999999999,79.89999999999998,1,1,1.0
154,3,208.47,257.32,93.76000000000002,40.170000000000016,1,1,1.0
154,6,0.0,296.9,65.9,57.30000000000001,1,1,1.0
154,7,628.57,230.53,114.42999999999995,70.1,1,1,1.0
154,8,854.35,427.12,105.14999999999998,78.39999999999998,1,1,1.0
155,3,208.47,257.39,93.76000000000002,40.160000000000025,1,1,1.0
155,6,0.0,300.5,48.5,53.69999999999999,1,1,1.0
155,7,619.21,230.92,115.08999999999992,70.53999999999999,1,1,1.0
155,8,862.3,423.0,97.70000000000005,76.89999999999998,1,1,1.0
156,3,208.47,257.46,93.76000000000002,40.14000000000004,1,1,1.0
156,6,0.0,302.5,28.4,54.10000000000002,1,1,1.0
156,7,609.86,231.31,115.74000000000001,70.96999999999997,1,1,1.0
156,8,868.57,419.56,91.42999999999995,75.42000000000002,1,1,1.0
157,3,208.47,257.53,93.75000000000003,40.13000000000005,1,1,1.0
157,6,0.0,303.7,9.4,49.0,1,1,1.0
157,7,600.5,231.7,116.39999999999998,71.40000000000003,1,1,1.0
157,8,874.83,416.11,85.16999999999996,73.94999999999999,1,1,1.0
158,3,208.47,257.59,93.75000000000003,40.13000000000005,1,1,1.0
158,7,589.65,232.25,117.67000000000007,71.63,1,1,1.0
158,8,881.1,412.67,78.89999999999998,72.46999999999997,1,1,1.0
159,3,208.48,257.66,93.72999999999999,40.10999999999996,1,1,1.0
159,7,578.81,232.79,118.93000000000006,71.87000000000003,1,1,1.0
159,8,887.37,409.22,72.63,71.0,1,1,1.0
160,3,208.48,257.73,93.72999999999999,40.099999999999966,1,1,1.0
160,7,567.96,233.34,120.18999999999994,72.10999999999999,1,1,1.0
160,8,893.64,405.78,66.36000000000001,69.52000000000004,1,1,1.0
161,3,208.48,257.79,93.72,40.099999999999966,1,1,1.0
161,7,557.12,233.88,121.45000000000005,72.35000000000002,1,1,1.0
161,8,899.9,402.33,60.10000000000002,68.05000000000001,1,1,1.0
162,3,208.48,257.86,93.72,40.089999999999975,1,1,1.0
162,7,546.27,234.43,122.72000000000003,72.57999999999998,1,1,1.0
162,8,906.17,398.89,53.83000000000004,66.57,1,1,1.0
163,3,208.48,257.93,93.71000000000001,40.06999999999999,1,1,1.0
163,7,535.43,234.97,123.98000000000002,72.82000000000002,1,1,1.0
163,8,912.44,395.44,47.559999999999945,65.10000000000002,1,1,1.0
164,3,208.49,258.0,93.69999999999999,40.06,1,1,1.0
164,7,524.58,235.52,125.25,73.04999999999998,1,1,1.0
164,8,918.7,392.0,41.299999999999955,63.620000000000005,1,1,1.0
165,3,208.49,258.06,93.69,40.06,1,1,1.0
165,7,513.74,236.06,126.50999999999999,73.29000000000002,1,1,1.0
165,8,923.74,390.2,36.25999999999999,62.19999999999999,1,1,1.0
166,3,208.49,258.13,93.69,40.04000000000002,1,1,1.0
166,7,502.89,236.61,127.76999999999998,73.52999999999997,1,1,1.0
166,8,929.4,387.4,30.600000000000023,61.79000000000002,1,1,1.0
167,3,208.49,258.2,93.68,40.03000000000003,1,1,1.0
167,7,492.05,237.15,129.03000000000003,73.77000000000001,1,1,1.0
167,8,934.3,385.9,25.700000000000045,60.08000000000004,1,1,1.0
168,3,208.5,258.27,93.67000000000002,40.02000000000004,1,1,1.0
168,7,481.2,237.7,130.3,74.0,1,1,1.0
168,8,939.21,382.7,20.789999999999964,60.06999999999999,1,1,1.0
169,3,208.5,258.33,93.66000000000003,40.00999999999999,1,1,1.0
169,7,469.74,238.03,131.03999999999996,74.47999999999999,1,1,1.0
169,8,945.1,386.37,14.899999999999977,53.19,1,1,1.0
170,3,208.5,258.4,93.66000000000003,40.0,1,1,1.0
170,7,458.27,238.36,131.77999999999997,74.96999999999997,1,1,1.0
170,8,949.51,390.05,10.490000000000009,46.30000000000001,1,1,1.0
171,3,208.45,258.21,93.71000000000004,40.06999999999999,1,1,1.0
171,7,446.81,238.7,132.52000000000004,75.44,1,1,1.0
171,8,953.92,393.72,6.080000000000041,39.41999999999996,1,1,1.0
172,3,208.41,258.02,93.73999999999998,40.129999999999995,1,1,1.0
172,7,435.35,239.03,133.26,75.91999999999999,1,1,1.0
173,3,208.36,257.82,93.78999999999996,40.20999999999998,1,1,1.0
173,7,423.88,239.36,134.01,76.40999999999997,1,1,1.0
174,3,208.32,257.63,93.82,40.28000000000003,1,1,1.0
174,7,412.42,239.69,134.73999999999995,76.88999999999999,1,1,1.0
175,3,208.27,257.44,93.86999999999998,40.339999999999975,1,1,1.0
175,7,400.95,240.02,135.49000000000007,77.37999999999997,1,1,1.0
176,3,208.22,257.25,93.91,40.410000000000025,1,1,1.0
176,7,389.49,240.35,136.23000000000002,77.85999999999999,1,1,1.0
177,3,208.18,257.05,93.94999999999999,40.49000000000001,1,1,1.0
177,7,378.03,240.69,136.97000000000003,78.32999999999998,1,1,1.0
178,3,208.13,256.86,93.99000000000001,40.56,1,1,1.0
178,7,366.56,241.02,137.70999999999998,78.81999999999996,1,1,1.0
179,3,208.08,256.67,94.03999999999999,40.620000000000005,1,1,1.0
179,7,355.1,241.35,138.45,79.29999999999998,1,1,1.0
180,3,208.04,256.48,94.07000000000002,40.69,1,1,1.0
180,7,343.64,241.68,139.19,79.77999999999997,1,1,1.0
181,3,207.99,256.29,94.12,40.75999999999999,1,1,1.0
181,7,332.17,242.01,139.93,80.26999999999998,1,1,1.0
182,3,207.95,256.09,94.15000000000003,40.83000000000004,1,1,1.0
182,7,320.71,242.35,140.67000000000002,80.73999999999998,1,1,1.0
183,3,207.9,255.9,94.20000000000002,40.900000000000006,1,1,1.0
183,7,309.25,242.68,141.41000000000003,81.21999999999997,1,1,1.0
184,3,207.9,255.9,94.72999999999999,40.900000000000006,1,1,1.0
184,7,297.78,243.01,142.16000000000003,81.71000000000004,1,1,1.0
185,3,207.9,255.9,95.27000000000001,40.900000000000006,1,1,1.0
185,7,286.32,243.34,142.89,82.18999999999997,1,1,1.0
186,3,207.9,255.9,95.79999999999998,40.900000000000006,1,1,1.0
186,7,274.85,243.67,143.64,82.68000000000004,1,1,1.0
187,3,207.9,257.2,95.79999999999998,40.10000000000002,1,1,1.0
187,7,263.39,244.0,144.38,83.16000000000003,1,1,1.0
188,3,207.83,257.13,95.79999999999998,40.0,1,1,1.0
188,7,251.93,244.34,145.12,83.63000000000002,1,1,1.0
189,3,207.75,257.07,95.80000000000001,39.900000000000034,1,1,1.0
189,7,240.46,244.67,145.85999999999999,84.12000000000003,1,1,1.0
190,3,207.68,257.0,95.80000000000001,39.80000000000001,1,1,1.0
190,7,229.0,245.0,146.60000000000002,84.60000000000002,1,1,1.0
